Walls
origin_wall -4.803394317626953 2.629336357116699 3.218140125274658
0.0 0.0 -0.0
origin_wall.001 4.896605968475342 2.629336357116699 3.218140125274658
0.0 0.0 -0.0
origin_wall.002 1.6966099739074707 2.629336357116699 3.418139934539795
0.0 0.0 -0.0
origin_wall.003 1.6966099739074707 2.629336357116699 2.3181400299072266
0.0 0.0 -0.0
origin_wall.004 2.3466100692749023 2.629335403442383 0.5615146160125732
0.0 90.00000250447816 -0.0
origin_wall.005 1.6966099739074707 2.629336357116699 0.11813999712467194
0.0 0.0 -0.0
origin_wall.006 1.6966099739074707 2.629336357116699 -0.9818599820137024
0.0 0.0 -0.0
origin_wall.007 1.6966099739074707 2.629336357116699 -2.081860065460205
0.0 0.0 -0.0
origin_wall.008 1.6966099739074707 2.629336357116699 -3.1818599700927734
0.0 0.0 -0.0
origin_wall.009 3.4466099739074707 2.629336357116699 0.5681399703025818
0.0 90.00000250447816 -0.0
origin_wall.010 4.546609878540039 2.629336357116699 0.5681399703025818
0.0 90.00000250447816 -0.0
origin_wall.011 4.546609878540039 2.629336357116699 -3.6318600177764893
0.0 90.00000250447816 -0.0
origin_wall.012 2.3466100692749023 3.622431516647339 -3.6318600177764893
0.0 90.00000250447816 -0.0
origin_wall.013 2.3466100692749023 2.629335403442383 -3.6318600177764893
0.0 90.00000250447816 -0.0
origin_wall.014 4.546609878540039 3.6224324703216553 -3.6318600177764893
0.0 90.00000250447816 -0.0
origin_wall.015 4.546609878540039 3.6224324703216553 0.5681399703025818
0.0 90.00000250447816 -0.0
origin_wall.016 3.4466099739074707 3.6224324703216553 0.5681399703025818
0.0 90.00000250447816 -0.0
origin_wall.017 2.3466100692749023 3.622431516647339 0.5615146160125732
0.0 90.00000250447816 -0.0
origin_wall.018 1.6966099739074707 3.6224324703216553 -3.1818599700927734
0.0 0.0 -0.0
origin_wall.019 1.6966099739074707 3.6224324703216553 -2.081860065460205
0.0 0.0 -0.0
origin_wall.020 1.6966099739074707 3.6224324703216553 -0.9818599820137024
0.0 0.0 -0.0
origin_wall.021 1.6966099739074707 3.6224324703216553 0.11813999712467194
0.0 0.0 -0.0
origin_wall.022 1.6966099739074707 3.6224324703216553 2.3181400299072266
0.0 0.0 -0.0
origin_wall.023 1.6966099739074707 3.6224324703216553 3.418139934539795
0.0 0.0 -0.0
origin_wall.024 4.896605968475342 3.6224324703216553 3.218140125274658
0.0 0.0 -0.0
origin_wall.025 -4.803394317626953 3.6224324703216553 3.218140125274658
0.0 0.0 -0.0
origin_wall.026 -4.803394317626953 5.600609302520752 3.218140125274658
0.0 0.0 -0.0
origin_wall.027 4.896605968475342 5.600609302520752 3.218140125274658
0.0 0.0 -0.0
origin_wall.028 1.6966099739074707 5.600609302520752 3.418139934539795
0.0 0.0 -0.0
origin_wall.029 1.6966099739074707 5.600609302520752 2.3181400299072266
0.0 0.0 -0.0
origin_wall.030 1.6966099739074707 5.600609302520752 0.11813999712467194
0.0 0.0 -0.0
origin_wall.031 1.6966099739074707 5.600609302520752 -0.9818599820137024
0.0 0.0 -0.0
origin_wall.032 1.6966099739074707 5.600609302520752 -2.081860065460205
0.0 0.0 -0.0
origin_wall.033 1.6966099739074707 5.600609302520752 -3.1818599700927734
0.0 0.0 -0.0
origin_wall.034 2.3466100692749023 5.6006083488464355 0.5615146160125732
0.0 90.00000250447816 -0.0
origin_wall.035 3.4466099739074707 5.600609302520752 0.5681399703025818
0.0 90.00000250447816 -0.0
origin_wall.036 4.546609878540039 5.600609302520752 0.5681399703025818
0.0 90.00000250447816 -0.0
origin_wall.037 4.546609878540039 5.600609302520752 -3.6318600177764893
0.0 90.00000250447816 -0.0
origin_wall.038 2.3466100692749023 5.6006083488464355 -3.6318600177764893
0.0 90.00000250447816 -0.0
origin_wall.039 2.3466100692749023 4.6075119972229 -3.6318600177764893
0.0 90.00000250447816 -0.0
origin_wall.040 4.546609878540039 4.607512950897217 -3.6318600177764893
0.0 90.00000250447816 -0.0
origin_wall.041 4.546609878540039 4.607512950897217 0.5681399703025818
0.0 90.00000250447816 -0.0
origin_wall.042 3.4466099739074707 4.607512950897217 0.5681399703025818
0.0 90.00000250447816 -0.0
origin_wall.043 2.3466100692749023 4.6075119972229 0.5615146160125732
0.0 90.00000250447816 -0.0
origin_wall.044 1.6966099739074707 4.607512950897217 -3.1818599700927734
0.0 0.0 -0.0
origin_wall.045 1.6966099739074707 4.607512950897217 -2.081860065460205
0.0 0.0 -0.0
origin_wall.046 1.6966099739074707 4.607512950897217 -0.9818599820137024
0.0 0.0 -0.0
origin_wall.047 1.6966099739074707 4.607512950897217 0.11813999712467194
0.0 0.0 -0.0
origin_wall.048 1.6966099739074707 4.607512950897217 2.3181400299072266
0.0 0.0 -0.0
origin_wall.049 1.6966099739074707 4.607512950897217 3.418139934539795
0.0 0.0 -0.0
origin_wall.050 4.896605968475342 4.607512950897217 3.218140125274658
0.0 0.0 -0.0
origin_wall.051 -4.803394317626953 4.607512950897217 3.218140125274658
0.0 0.0 -0.0
origin_wall.052 -4.803394317626953 8.79893970489502 3.218140125274658
0.0 0.0 -0.0
origin_wall.053 4.896605968475342 8.79893970489502 3.218140125274658
0.0 0.0 -0.0
origin_wall.054 1.6966099739074707 8.79893970489502 3.418139934539795
0.0 0.0 -0.0
origin_wall.055 1.6966099739074707 8.79893970489502 2.3181400299072266
0.0 0.0 -0.0
origin_wall.056 1.6966099739074707 8.79893970489502 0.11813999712467194
0.0 0.0 -0.0
origin_wall.057 1.6966099739074707 8.79893970489502 -0.9818599820137024
0.0 0.0 -0.0
origin_wall.058 1.6966099739074707 8.79893970489502 -2.081860065460205
0.0 0.0 -0.0
origin_wall.059 1.6966099739074707 8.79893970489502 -3.1818599700927734
0.0 0.0 -0.0
origin_wall.060 2.3466100692749023 8.79893970489502 0.5615146160125732
0.0 90.00000250447816 -0.0
origin_wall.061 3.4466099739074707 8.79893970489502 0.5681399703025818
0.0 90.00000250447816 -0.0
origin_wall.062 4.546609878540039 8.79893970489502 0.5681399703025818
0.0 90.00000250447816 -0.0
origin_wall.063 4.546609878540039 8.79893970489502 -3.6318600177764893
0.0 90.00000250447816 -0.0
origin_wall.064 2.3466100692749023 8.79893970489502 -3.6318600177764893
0.0 90.00000250447816 -0.0
origin_wall.065 2.3466100692749023 9.792035102844238 -3.6318600177764893
0.0 90.00000250447816 -0.0
origin_wall.066 4.546609878540039 9.792037010192871 -3.6318600177764893
0.0 90.00000250447816 -0.0
origin_wall.067 4.546609878540039 9.792037010192871 0.5681399703025818
0.0 90.00000250447816 -0.0
origin_wall.068 3.4466099739074707 9.792037010192871 0.5681399703025818
0.0 90.00000250447816 -0.0
origin_wall.069 2.3466100692749023 9.792035102844238 0.5615146160125732
0.0 90.00000250447816 -0.0
origin_wall.070 1.6966099739074707 9.792037010192871 -3.1818599700927734
0.0 0.0 -0.0
origin_wall.071 1.6966099739074707 9.792037010192871 -2.081860065460205
0.0 0.0 -0.0
origin_wall.072 1.6966099739074707 9.792037010192871 -0.9818599820137024
0.0 0.0 -0.0
origin_wall.073 1.6966099739074707 9.792037010192871 0.11813999712467194
0.0 0.0 -0.0
origin_wall.074 1.6966099739074707 9.792037010192871 2.3181400299072266
0.0 0.0 -0.0
origin_wall.075 1.6966099739074707 9.792037010192871 3.418139934539795
0.0 0.0 -0.0
origin_wall.076 4.896605968475342 9.792037010192871 3.218140125274658
0.0 0.0 -0.0
origin_wall.077 -4.803394317626953 9.792037010192871 3.218140125274658
0.0 0.0 -0.0
origin_wall.078 -4.803394317626953 7.813859462738037 3.218140125274658
0.0 0.0 -0.0
origin_wall.079 4.896605968475342 7.813859462738037 3.218140125274658
0.0 0.0 -0.0
origin_wall.080 1.6966099739074707 7.813859462738037 3.418139934539795
0.0 0.0 -0.0
origin_wall.081 1.6966099739074707 7.813859462738037 2.3181400299072266
0.0 0.0 -0.0
origin_wall.082 1.6966099739074707 7.813859462738037 0.11813999712467194
0.0 0.0 -0.0
origin_wall.083 1.6966099739074707 7.813859462738037 -0.9818599820137024
0.0 0.0 -0.0
origin_wall.084 1.6966099739074707 7.813859462738037 -2.081860065460205
0.0 0.0 -0.0
origin_wall.085 1.6966099739074707 7.813859462738037 -3.1818599700927734
0.0 0.0 -0.0
origin_wall.086 2.3466100692749023 7.813859462738037 0.5615146160125732
0.0 90.00000250447816 -0.0
origin_wall.087 3.4466099739074707 7.813859462738037 0.5681399703025818
0.0 90.00000250447816 -0.0
origin_wall.088 4.546609878540039 7.813859462738037 0.5681399703025818
0.0 90.00000250447816 -0.0
origin_wall.089 4.546609878540039 7.813859462738037 -3.6318600177764893
0.0 90.00000250447816 -0.0
origin_wall.090 2.3466100692749023 7.813859462738037 -3.6318600177764893
0.0 90.00000250447816 -0.0
origin_wall.091 2.3466100692749023 6.82076358795166 -3.6318600177764893
0.0 90.00000250447816 -0.0
origin_wall.092 4.546609878540039 6.82076358795166 -3.6318600177764893
0.0 90.00000250447816 -0.0
origin_wall.093 4.546609878540039 6.82076358795166 0.5681399703025818
0.0 90.00000250447816 -0.0
origin_wall.094 3.4466099739074707 6.82076358795166 0.5681399703025818
0.0 90.00000250447816 -0.0
origin_wall.095 2.3466100692749023 6.82076358795166 0.5615146160125732
0.0 90.00000250447816 -0.0
origin_wall.096 1.6966099739074707 6.82076358795166 -3.1818599700927734
0.0 0.0 -0.0
origin_wall.097 1.6966099739074707 6.82076358795166 -2.081860065460205
0.0 0.0 -0.0
origin_wall.098 1.6966099739074707 6.82076358795166 -0.9818599820137024
0.0 0.0 -0.0
origin_wall.099 1.6966099739074707 6.82076358795166 0.11813999712467194
0.0 0.0 -0.0
origin_wall.100 1.6966099739074707 6.82076358795166 2.3181400299072266
0.0 0.0 -0.0
origin_wall.101 1.6966099739074707 6.82076358795166 3.418139934539795
0.0 0.0 -0.0
origin_wall.102 4.896605968475342 6.82076358795166 3.218140125274658
0.0 0.0 -0.0
origin_wall.103 -4.803394317626953 6.82076358795166 3.218140125274658
0.0 0.0 -0.0
wall.000 -4.803394317626953 2.629335880279541 -1.196118712425232
0.0 0.0 -0.0
wall.001 -4.803394317626953 2.629335880279541 2.1181399822235107
0.0 0.0 -0.0
wall.002 -4.803394317626953 2.629335880279541 1.0181399583816528
0.0 0.0 -0.0
wall.003 -4.803394317626953 2.629335880279541 -0.09611859917640686
0.0 0.0 -0.0
wall.004 -4.803394317626953 2.629335880279541 -1.196118712425232
0.0 0.0 -0.0
wall.005 -4.803394317626953 2.629335880279541 -2.2961184978485107
0.0 0.0 -0.0
wall.006 -4.803394317626953 2.629335880279541 -3.396118402481079
0.0 0.0 -0.0
wall.007 -4.803394317626953 2.629335880279541 -4.496118545532227
0.0 0.0 -0.0
wall.008 -4.803394317626953 2.629335880279541 -5.596118450164795
0.0 0.0 -0.0
wall.009 -4.353390216827393 2.629335880279541 3.8681411743164062
0.0 90.00000250447816 -0.0
wall.010 -3.253390312194824 2.629335880279541 3.8681411743164062
0.0 90.00000250447816 -0.0
wall.011 -2.153390407562256 2.629335880279541 3.8681411743164062
0.0 90.00000250447816 -0.0
wall.012 -1.0533902645111084 2.629335880279541 3.8681411743164062
0.0 90.00000250447816 -0.0
wall.013 -4.353390216827393 3.622431993484497 -6.245859146118164
0.0 90.00000250447816 -0.0
wall.014 1.1466097831726074 2.629335880279541 3.8681411743164062
0.0 90.00000250447816 -0.0
wall.015 2.246609687805176 2.629335880279541 3.8681411743164062
0.0 90.00000250447816 -0.0
wall.016 3.346609592437744 2.629335880279541 3.8681411743164062
0.0 90.00000250447816 -0.0
wall.017 4.4466094970703125 2.629335880279541 3.8681411743164062
0.0 90.00000250447816 -0.0
wall.018 -3.253390312194824 3.622431993484497 -6.245859146118164
0.0 90.00000250447816 -0.0
wall.019 -4.803394317626953 2.629335880279541 -3.396118402481079
0.0 0.0 -0.0
wall.020 -4.803394317626953 2.629335880279541 -2.2961184978485107
0.0 0.0 -0.0
wall.021 4.896605968475342 2.629335880279541 -2.2961184978485107
0.0 0.0 -0.0
wall.022 4.896605968475342 2.629335880279541 -3.396118402481079
0.0 0.0 -0.0
wall.023 4.896605968475342 2.629335880279541 -0.09611859917640686
0.0 0.0 -0.0
wall.024 4.896605968475342 2.629335880279541 -5.596118450164795
0.0 0.0 -0.0
wall.025 4.896605968475342 2.629335880279541 -4.496118545532227
0.0 0.0 -0.0
wall.026 4.896605968475342 2.629335880279541 -1.196118712425232
0.0 0.0 -0.0
wall.027 4.896605968475342 2.629335880279541 1.0181399583816528
0.0 0.0 -0.0
wall.028 4.896605968475342 2.629335880279541 2.1181399822235107
0.0 0.0 -0.0
wall.029 4.4466094970703125 2.629335880279541 -6.245859146118164
0.0 90.00000250447816 -0.0
wall.030 3.346609592437744 2.629335880279541 -6.245859146118164
0.0 90.00000250447816 -0.0
wall.031 2.246609687805176 2.629335880279541 -6.245859146118164
0.0 90.00000250447816 -0.0
wall.032 1.1466097831726074 2.629335880279541 -6.245859146118164
0.0 90.00000250447816 -0.0
wall.033 0.04660971462726593 2.629335880279541 -6.245859146118164
0.0 90.00000250447816 -0.0
wall.034 -1.0533902645111084 2.629335880279541 -6.245859146118164
0.0 90.00000250447816 -0.0
wall.035 -2.153390407562256 2.629335880279541 -6.245859146118164
0.0 90.00000250447816 -0.0
wall.036 -3.253390312194824 2.629335880279541 -6.245859146118164
0.0 90.00000250447816 -0.0
wall.037 -4.353390216827393 2.629335880279541 -6.245859146118164
0.0 90.00000250447816 -0.0
wall.038 -2.153390407562256 3.622431993484497 -6.245859146118164
0.0 90.00000250447816 -0.0
wall.039 -1.0533902645111084 3.622431993484497 -6.245859146118164
0.0 90.00000250447816 -0.0
wall.040 0.04660971462726593 3.622431993484497 -6.245859146118164
0.0 90.00000250447816 -0.0
wall.041 1.1466097831726074 3.622431993484497 -6.245859146118164
0.0 90.00000250447816 -0.0
wall.042 2.246609687805176 3.622431993484497 -6.245859146118164
0.0 90.00000250447816 -0.0
wall.043 3.346609592437744 3.622431993484497 -6.245859146118164
0.0 90.00000250447816 -0.0
wall.044 4.4466094970703125 3.622431993484497 -6.245859146118164
0.0 90.00000250447816 -0.0
wall.045 4.896605968475342 3.622431993484497 2.1181399822235107
0.0 0.0 -0.0
wall.046 4.896605968475342 3.622431993484497 1.0181399583816528
0.0 0.0 -0.0
wall.047 4.896605968475342 3.622431993484497 -1.196118712425232
0.0 0.0 -0.0
wall.048 4.896605968475342 3.622431993484497 -4.496118545532227
0.0 0.0 -0.0
wall.049 4.896605968475342 3.622431993484497 -5.596118450164795
0.0 0.0 -0.0
wall.050 4.896605968475342 3.622431993484497 -0.09611859917640686
0.0 0.0 -0.0
wall.051 4.896605968475342 3.622431993484497 -3.396118402481079
0.0 0.0 -0.0
wall.052 4.896605968475342 3.622431993484497 -2.2961184978485107
0.0 0.0 -0.0
wall.053 -4.803394317626953 3.622431993484497 -2.2961184978485107
0.0 0.0 -0.0
wall.054 -4.803394317626953 3.622431993484497 -3.396118402481079
0.0 0.0 -0.0
wall.055 4.4466094970703125 3.622431993484497 3.8681411743164062
0.0 90.00000250447816 -0.0
wall.056 3.346609592437744 3.622431993484497 3.8681411743164062
0.0 90.00000250447816 -0.0
wall.057 2.246609687805176 3.622431993484497 3.8681411743164062
0.0 90.00000250447816 -0.0
wall.058 1.1466097831726074 3.622431993484497 3.8681411743164062
0.0 90.00000250447816 -0.0
wall.059 -1.0533902645111084 3.622431993484497 3.8681411743164062
0.0 90.00000250447816 -0.0
wall.060 -2.153390407562256 3.622431993484497 3.8681411743164062
0.0 90.00000250447816 -0.0
wall.061 -3.253390312194824 3.622431993484497 3.8681411743164062
0.0 90.00000250447816 -0.0
wall.062 -4.353390216827393 3.622431993484497 3.8681411743164062
0.0 90.00000250447816 -0.0
wall.063 -4.803394317626953 3.622431993484497 -5.596118450164795
0.0 0.0 -0.0
wall.064 -4.803394317626953 3.622431993484497 -4.496118545532227
0.0 0.0 -0.0
wall.065 -4.803394317626953 3.622431993484497 -3.396118402481079
0.0 0.0 -0.0
wall.066 -4.803394317626953 3.622431993484497 -1.196118712425232
0.0 0.0 -0.0
wall.067 -4.803394317626953 3.622431993484497 -0.09611859917640686
0.0 0.0 -0.0
wall.068 -4.803394317626953 3.622431993484497 -1.196118712425232
0.0 0.0 -0.0
wall.069 -4.803394317626953 3.622431993484497 -2.2961184978485107
0.0 0.0 -0.0
wall.070 -4.803394317626953 3.622431993484497 1.0181399583816528
0.0 0.0 -0.0
wall.071 -4.803394317626953 3.622431993484497 2.1181399822235107
0.0 0.0 -0.0
wall.072 -4.803394317626953 5.6006083488464355 2.1181399822235107
0.0 0.0 -0.0
wall.073 -4.803394317626953 5.6006083488464355 1.0181399583816528
0.0 0.0 -0.0
wall.074 -4.803394317626953 5.6006083488464355 -2.2961184978485107
0.0 0.0 -0.0
wall.075 -4.803394317626953 5.6006083488464355 -1.196118712425232
0.0 0.0 -0.0
wall.076 -4.803394317626953 5.6006083488464355 -0.09611859917640686
0.0 0.0 -0.0
wall.077 -4.803394317626953 5.6006083488464355 -1.196118712425232
0.0 0.0 -0.0
wall.078 -4.803394317626953 5.6006083488464355 -3.396118402481079
0.0 0.0 -0.0
wall.079 -4.803394317626953 5.6006083488464355 -4.496118545532227
0.0 0.0 -0.0
wall.080 -4.803394317626953 5.6006083488464355 -5.596118450164795
0.0 0.0 -0.0
wall.081 -4.353390216827393 5.6006083488464355 3.8681411743164062
0.0 90.00000250447816 -0.0
wall.082 -3.253390312194824 5.6006083488464355 3.8681411743164062
0.0 90.00000250447816 -0.0
wall.083 -2.153390407562256 5.6006083488464355 3.8681411743164062
0.0 90.00000250447816 -0.0
wall.084 -1.0533902645111084 5.6006083488464355 3.8681411743164062
0.0 90.00000250447816 -0.0
wall.085 1.1466097831726074 5.6006083488464355 3.8681411743164062
0.0 90.00000250447816 -0.0
wall.086 2.246609687805176 5.6006083488464355 3.8681411743164062
0.0 90.00000250447816 -0.0
wall.087 3.346609592437744 5.6006083488464355 3.8681411743164062
0.0 90.00000250447816 -0.0
wall.088 4.4466094970703125 5.6006083488464355 3.8681411743164062
0.0 90.00000250447816 -0.0
wall.089 -4.803394317626953 5.6006083488464355 -3.396118402481079
0.0 0.0 -0.0
wall.090 -4.803394317626953 5.6006083488464355 -2.2961184978485107
0.0 0.0 -0.0
wall.091 4.896605968475342 5.6006083488464355 -2.2961184978485107
0.0 0.0 -0.0
wall.092 4.896605968475342 5.6006083488464355 -3.396118402481079
0.0 0.0 -0.0
wall.093 4.896605968475342 5.6006083488464355 -0.09611859917640686
0.0 0.0 -0.0
wall.094 4.896605968475342 5.6006083488464355 -5.596118450164795
0.0 0.0 -0.0
wall.095 4.896605968475342 5.6006083488464355 -4.496118545532227
0.0 0.0 -0.0
wall.096 4.896605968475342 5.6006083488464355 -1.196118712425232
0.0 0.0 -0.0
wall.097 4.896605968475342 5.6006083488464355 1.0181399583816528
0.0 0.0 -0.0
wall.098 4.896605968475342 5.6006083488464355 2.1181399822235107
0.0 0.0 -0.0
wall.099 4.4466094970703125 5.6006083488464355 -6.245859146118164
0.0 90.00000250447816 -0.0
wall.100 3.346609592437744 5.6006083488464355 -6.245859146118164
0.0 90.00000250447816 -0.0
wall.101 2.246609687805176 5.6006083488464355 -6.245859146118164
0.0 90.00000250447816 -0.0
wall.102 1.1466097831726074 5.6006083488464355 -6.245859146118164
0.0 90.00000250447816 -0.0
wall.103 0.04660971462726593 5.6006083488464355 -6.245859146118164
0.0 90.00000250447816 -0.0
wall.104 -1.0533902645111084 5.6006083488464355 -6.245859146118164
0.0 90.00000250447816 -0.0
wall.105 -2.153390407562256 5.6006083488464355 -6.245859146118164
0.0 90.00000250447816 -0.0
wall.106 -3.253390312194824 5.6006083488464355 -6.245859146118164
0.0 90.00000250447816 -0.0
wall.107 -4.353390216827393 5.6006083488464355 -6.245859146118164
0.0 90.00000250447816 -0.0
wall.108 -4.353390216827393 4.607512474060059 -6.245859146118164
0.0 90.00000250447816 -0.0
wall.109 -3.253390312194824 4.607512474060059 -6.245859146118164
0.0 90.00000250447816 -0.0
wall.110 -2.153390407562256 4.607512474060059 -6.245859146118164
0.0 90.00000250447816 -0.0
wall.111 -1.0533902645111084 4.607512474060059 -6.245859146118164
0.0 90.00000250447816 -0.0
wall.112 0.04660971462726593 4.607512474060059 -6.245859146118164
0.0 90.00000250447816 -0.0
wall.113 1.1466097831726074 4.607512474060059 -6.245859146118164
0.0 90.00000250447816 -0.0
wall.114 2.246609687805176 4.607512474060059 -6.245859146118164
0.0 90.00000250447816 -0.0
wall.115 3.346609592437744 4.607512474060059 -6.245859146118164
0.0 90.00000250447816 -0.0
wall.116 4.4466094970703125 4.607512474060059 -6.245859146118164
0.0 90.00000250447816 -0.0
wall.117 4.896605968475342 4.607512474060059 2.1181399822235107
0.0 0.0 -0.0
wall.118 4.896605968475342 4.607512474060059 1.0181399583816528
0.0 0.0 -0.0
wall.119 4.896605968475342 4.607512474060059 -1.196118712425232
0.0 0.0 -0.0
wall.120 4.896605968475342 4.607512474060059 -4.496118545532227
0.0 0.0 -0.0
wall.121 4.896605968475342 4.607512474060059 -5.596118450164795
0.0 0.0 -0.0
wall.122 4.896605968475342 4.607512474060059 -0.09611859917640686
0.0 0.0 -0.0
wall.123 4.896605968475342 4.607512474060059 -3.396118402481079
0.0 0.0 -0.0
wall.124 4.896605968475342 4.607512474060059 -2.2961184978485107
0.0 0.0 -0.0
wall.125 -4.803394317626953 4.607512474060059 -2.2961184978485107
0.0 0.0 -0.0
wall.126 -4.803394317626953 4.607512474060059 -3.396118402481079
0.0 0.0 -0.0
wall.127 4.4466094970703125 4.607512474060059 3.8681411743164062
0.0 90.00000250447816 -0.0
wall.128 3.346609592437744 4.607512474060059 3.8681411743164062
0.0 90.00000250447816 -0.0
wall.129 2.246609687805176 4.607512474060059 3.8681411743164062
0.0 90.00000250447816 -0.0
wall.130 1.1466097831726074 4.607512474060059 3.8681411743164062
0.0 90.00000250447816 -0.0
wall.131 -1.0533902645111084 4.607512474060059 3.8681411743164062
0.0 90.00000250447816 -0.0
wall.132 -2.153390407562256 4.607512474060059 3.8681411743164062
0.0 90.00000250447816 -0.0
wall.133 -3.253390312194824 4.607512474060059 3.8681411743164062
0.0 90.00000250447816 -0.0
wall.134 -4.353390216827393 4.607512474060059 3.8681411743164062
0.0 90.00000250447816 -0.0
wall.135 -4.803394317626953 4.607512474060059 -5.596118450164795
0.0 0.0 -0.0
wall.136 -4.803394317626953 4.607512474060059 -4.496118545532227
0.0 0.0 -0.0
wall.137 -4.803394317626953 4.607512474060059 -3.396118402481079
0.0 0.0 -0.0
wall.138 -4.803394317626953 4.607512474060059 -1.196118712425232
0.0 0.0 -0.0
wall.139 -4.803394317626953 4.607512474060059 -0.09611859917640686
0.0 0.0 -0.0
wall.140 -4.803394317626953 4.607512474060059 -1.196118712425232
0.0 0.0 -0.0
wall.141 -4.803394317626953 4.607512474060059 -2.2961184978485107
0.0 0.0 -0.0
wall.142 -4.803394317626953 4.607512474060059 1.0181399583816528
0.0 0.0 -0.0
wall.143 -4.803394317626953 4.607512474060059 2.1181399822235107
0.0 0.0 -0.0
wall.144 -4.803394317626953 8.79893970489502 2.1181399822235107
0.0 0.0 -0.0
wall.145 -4.803394317626953 8.79893970489502 1.0181399583816528
0.0 0.0 -0.0
wall.146 -4.803394317626953 8.79893970489502 -2.2961184978485107
0.0 0.0 -0.0
wall.147 -4.803394317626953 8.79893970489502 -1.196118712425232
0.0 0.0 -0.0
wall.148 -4.803394317626953 8.79893970489502 -0.09611859917640686
0.0 0.0 -0.0
wall.149 -4.803394317626953 8.79893970489502 -1.196118712425232
0.0 0.0 -0.0
wall.150 -4.803394317626953 8.79893970489502 -3.396118402481079
0.0 0.0 -0.0
wall.151 -4.803394317626953 8.79893970489502 -4.496118545532227
0.0 0.0 -0.0
wall.152 -4.803394317626953 8.79893970489502 -5.596118450164795
0.0 0.0 -0.0
wall.153 -4.353390216827393 8.79893970489502 3.8681411743164062
0.0 90.00000250447816 -0.0
wall.154 -3.253390312194824 8.79893970489502 3.8681411743164062
0.0 90.00000250447816 -0.0
wall.155 -2.153390407562256 8.79893970489502 3.8681411743164062
0.0 90.00000250447816 -0.0
wall.156 -1.0533902645111084 8.79893970489502 3.8681411743164062
0.0 90.00000250447816 -0.0
wall.157 1.1466097831726074 8.79893970489502 3.8681411743164062
0.0 90.00000250447816 -0.0
wall.158 2.246609687805176 8.79893970489502 3.8681411743164062
0.0 90.00000250447816 -0.0
wall.159 3.346609592437744 8.79893970489502 3.8681411743164062
0.0 90.00000250447816 -0.0
wall.160 4.4466094970703125 8.79893970489502 3.8681411743164062
0.0 90.00000250447816 -0.0
wall.161 -4.803394317626953 8.79893970489502 -3.396118402481079
0.0 0.0 -0.0
wall.162 -4.803394317626953 8.79893970489502 -2.2961184978485107
0.0 0.0 -0.0
wall.163 4.896605968475342 8.79893970489502 -2.2961184978485107
0.0 0.0 -0.0
wall.164 4.896605968475342 8.79893970489502 -3.396118402481079
0.0 0.0 -0.0
wall.165 4.896605968475342 8.79893970489502 -0.09611859917640686
0.0 0.0 -0.0
wall.166 4.896605968475342 8.79893970489502 -5.596118450164795
0.0 0.0 -0.0
wall.167 4.896605968475342 8.79893970489502 -4.496118545532227
0.0 0.0 -0.0
wall.168 4.896605968475342 8.79893970489502 -1.196118712425232
0.0 0.0 -0.0
wall.169 4.896605968475342 8.79893970489502 1.0181399583816528
0.0 0.0 -0.0
wall.170 4.896605968475342 8.79893970489502 2.1181399822235107
0.0 0.0 -0.0
wall.171 4.4466094970703125 8.79893970489502 -6.245859146118164
0.0 90.00000250447816 -0.0
wall.172 3.346609592437744 8.79893970489502 -6.245859146118164
0.0 90.00000250447816 -0.0
wall.173 2.246609687805176 8.79893970489502 -6.245859146118164
0.0 90.00000250447816 -0.0
wall.174 1.1466097831726074 8.79893970489502 -6.245859146118164
0.0 90.00000250447816 -0.0
wall.175 0.04660971462726593 8.79893970489502 -6.245859146118164
0.0 90.00000250447816 -0.0
wall.176 -1.0533902645111084 8.79893970489502 -6.245859146118164
0.0 90.00000250447816 -0.0
wall.177 -2.153390407562256 8.79893970489502 -6.245859146118164
0.0 90.00000250447816 -0.0
wall.178 -3.253390312194824 8.79893970489502 -6.245859146118164
0.0 90.00000250447816 -0.0
wall.179 -4.353390216827393 8.79893970489502 -6.245859146118164
0.0 90.00000250447816 -0.0
wall.180 -4.353390216827393 9.792035102844238 -6.245859146118164
0.0 90.00000250447816 -0.0
wall.181 -3.253390312194824 9.792035102844238 -6.245859146118164
0.0 90.00000250447816 -0.0
wall.182 -2.153390407562256 9.792035102844238 -6.245859146118164
0.0 90.00000250447816 -0.0
wall.183 -1.0533902645111084 9.792035102844238 -6.245859146118164
0.0 90.00000250447816 -0.0
wall.184 0.04660971462726593 9.792035102844238 -6.245859146118164
0.0 90.00000250447816 -0.0
wall.185 1.1466097831726074 9.792035102844238 -6.245859146118164
0.0 90.00000250447816 -0.0
wall.186 2.246609687805176 9.792035102844238 -6.245859146118164
0.0 90.00000250447816 -0.0
wall.187 3.346609592437744 9.792035102844238 -6.245859146118164
0.0 90.00000250447816 -0.0
wall.188 4.4466094970703125 9.792035102844238 -6.245859146118164
0.0 90.00000250447816 -0.0
wall.189 4.896605968475342 9.792035102844238 2.1181399822235107
0.0 0.0 -0.0
wall.190 4.896605968475342 9.792035102844238 1.0181399583816528
0.0 0.0 -0.0
wall.191 4.896605968475342 9.792035102844238 -1.196118712425232
0.0 0.0 -0.0
wall.192 4.896605968475342 9.792035102844238 -4.496118545532227
0.0 0.0 -0.0
wall.193 4.896605968475342 9.792035102844238 -5.596118450164795
0.0 0.0 -0.0
wall.194 4.896605968475342 9.792035102844238 -0.09611859917640686
0.0 0.0 -0.0
wall.195 4.896605968475342 9.792035102844238 -3.396118402481079
0.0 0.0 -0.0
wall.196 4.896605968475342 9.792035102844238 -2.2961184978485107
0.0 0.0 -0.0
wall.197 -4.803394317626953 9.792035102844238 -2.2961184978485107
0.0 0.0 -0.0
wall.198 -4.803394317626953 9.792035102844238 -3.396118402481079
0.0 0.0 -0.0
wall.199 4.4466094970703125 9.792035102844238 3.8681411743164062
0.0 90.00000250447816 -0.0
wall.200 3.346609592437744 9.792035102844238 3.8681411743164062
0.0 90.00000250447816 -0.0
wall.201 2.246609687805176 9.792035102844238 3.8681411743164062
0.0 90.00000250447816 -0.0
wall.202 1.1466097831726074 9.792035102844238 3.8681411743164062
0.0 90.00000250447816 -0.0
wall.203 -1.0533902645111084 9.792035102844238 3.8681411743164062
0.0 90.00000250447816 -0.0
wall.204 -2.153390407562256 9.792035102844238 3.8681411743164062
0.0 90.00000250447816 -0.0
wall.205 -3.253390312194824 9.792035102844238 3.8681411743164062
0.0 90.00000250447816 -0.0
wall.206 -4.353390216827393 9.792035102844238 3.8681411743164062
0.0 90.00000250447816 -0.0
wall.207 -4.803394317626953 9.792035102844238 -5.596118450164795
0.0 0.0 -0.0
wall.208 -4.803394317626953 9.792035102844238 -4.496118545532227
0.0 0.0 -0.0
wall.209 -4.803394317626953 9.792035102844238 -3.396118402481079
0.0 0.0 -0.0
wall.210 -4.803394317626953 9.792035102844238 -1.196118712425232
0.0 0.0 -0.0
wall.211 -4.803394317626953 9.792035102844238 -0.09611859917640686
0.0 0.0 -0.0
wall.212 -4.803394317626953 9.792035102844238 -1.196118712425232
0.0 0.0 -0.0
wall.213 -4.803394317626953 9.792035102844238 -2.2961184978485107
0.0 0.0 -0.0
wall.214 -4.803394317626953 9.792035102844238 1.0181399583816528
0.0 0.0 -0.0
wall.215 -4.803394317626953 9.792035102844238 2.1181399822235107
0.0 0.0 -0.0
wall.216 -4.803394317626953 7.813859462738037 2.1181399822235107
0.0 0.0 -0.0
wall.217 -4.803394317626953 7.813859462738037 1.0181399583816528
0.0 0.0 -0.0
wall.218 -4.803394317626953 7.813859462738037 -2.2961184978485107
0.0 0.0 -0.0
wall.219 -4.803394317626953 7.813859462738037 -1.196118712425232
0.0 0.0 -0.0
wall.220 -4.803394317626953 7.813859462738037 -0.09611859917640686
0.0 0.0 -0.0
wall.221 -4.803394317626953 7.813859462738037 -1.196118712425232
0.0 0.0 -0.0
wall.222 -4.803394317626953 7.813859462738037 -3.396118402481079
0.0 0.0 -0.0
wall.223 -4.803394317626953 7.813859462738037 -4.496118545532227
0.0 0.0 -0.0
wall.224 -4.803394317626953 7.813859462738037 -5.596118450164795
0.0 0.0 -0.0
wall.225 -4.353390216827393 7.813859462738037 3.8681411743164062
0.0 90.00000250447816 -0.0
wall.226 -3.253390312194824 7.813859462738037 3.8681411743164062
0.0 90.00000250447816 -0.0
wall.227 -2.153390407562256 7.813859462738037 3.8681411743164062
0.0 90.00000250447816 -0.0
wall.228 -1.0533902645111084 7.813859462738037 3.8681411743164062
0.0 90.00000250447816 -0.0
wall.229 1.1466097831726074 7.813859462738037 3.8681411743164062
0.0 90.00000250447816 -0.0
wall.230 2.246609687805176 7.813859462738037 3.8681411743164062
0.0 90.00000250447816 -0.0
wall.231 3.346609592437744 7.813859462738037 3.8681411743164062
0.0 90.00000250447816 -0.0
wall.232 4.4466094970703125 7.813859462738037 3.8681411743164062
0.0 90.00000250447816 -0.0
wall.233 -4.803394317626953 7.813859462738037 -3.396118402481079
0.0 0.0 -0.0
wall.234 -4.803394317626953 7.813859462738037 -2.2961184978485107
0.0 0.0 -0.0
wall.235 4.896605968475342 7.813859462738037 -2.2961184978485107
0.0 0.0 -0.0
wall.236 4.896605968475342 7.813859462738037 -3.396118402481079
0.0 0.0 -0.0
wall.237 4.896605968475342 7.813859462738037 -0.09611859917640686
0.0 0.0 -0.0
wall.238 4.896605968475342 7.813859462738037 -5.596118450164795
0.0 0.0 -0.0
wall.239 4.896605968475342 7.813859462738037 -4.496118545532227
0.0 0.0 -0.0
wall.240 4.896605968475342 7.813859462738037 -1.196118712425232
0.0 0.0 -0.0
wall.241 4.896605968475342 7.813859462738037 1.0181399583816528
0.0 0.0 -0.0
wall.242 4.896605968475342 7.813859462738037 2.1181399822235107
0.0 0.0 -0.0
wall.243 4.4466094970703125 7.813859462738037 -6.245859146118164
0.0 90.00000250447816 -0.0
wall.244 3.346609592437744 7.813859462738037 -6.245859146118164
0.0 90.00000250447816 -0.0
wall.245 2.246609687805176 7.813859462738037 -6.245859146118164
0.0 90.00000250447816 -0.0
wall.246 1.1466097831726074 7.813859462738037 -6.245859146118164
0.0 90.00000250447816 -0.0
wall.247 0.04660971462726593 7.813859462738037 -6.245859146118164
0.0 90.00000250447816 -0.0
wall.248 -1.0533902645111084 7.813859462738037 -6.245859146118164
0.0 90.00000250447816 -0.0
wall.249 -2.153390407562256 7.813859462738037 -6.245859146118164
0.0 90.00000250447816 -0.0
wall.250 -3.253390312194824 7.813859462738037 -6.245859146118164
0.0 90.00000250447816 -0.0
wall.251 -4.353390216827393 7.813859462738037 -6.245859146118164
0.0 90.00000250447816 -0.0
wall.252 -4.353390216827393 6.82076358795166 -6.245859146118164
0.0 90.00000250447816 -0.0
wall.253 -3.253390312194824 6.82076358795166 -6.245859146118164
0.0 90.00000250447816 -0.0
wall.254 -2.153390407562256 6.82076358795166 -6.245859146118164
0.0 90.00000250447816 -0.0
wall.255 -1.0533902645111084 6.82076358795166 -6.245859146118164
0.0 90.00000250447816 -0.0
wall.256 0.04660971462726593 6.82076358795166 -6.245859146118164
0.0 90.00000250447816 -0.0
wall.257 1.1466097831726074 6.82076358795166 -6.245859146118164
0.0 90.00000250447816 -0.0
wall.258 2.246609687805176 6.82076358795166 -6.245859146118164
0.0 90.00000250447816 -0.0
wall.259 3.346609592437744 6.82076358795166 -6.245859146118164
0.0 90.00000250447816 -0.0
wall.260 4.4466094970703125 6.82076358795166 -6.245859146118164
0.0 90.00000250447816 -0.0
wall.261 4.896605968475342 6.82076358795166 2.1181399822235107
0.0 0.0 -0.0
wall.262 4.896605968475342 6.82076358795166 1.0181399583816528
0.0 0.0 -0.0
wall.263 4.896605968475342 6.82076358795166 -1.196118712425232
0.0 0.0 -0.0
wall.264 4.896605968475342 6.82076358795166 -4.496118545532227
0.0 0.0 -0.0
wall.265 4.896605968475342 6.82076358795166 -5.596118450164795
0.0 0.0 -0.0
wall.266 4.896605968475342 6.82076358795166 -0.09611859917640686
0.0 0.0 -0.0
wall.267 4.896605968475342 6.82076358795166 -3.396118402481079
0.0 0.0 -0.0
wall.268 4.896605968475342 6.82076358795166 -2.2961184978485107
0.0 0.0 -0.0
wall.269 -4.803394317626953 6.82076358795166 -2.2961184978485107
0.0 0.0 -0.0
wall.270 -4.803394317626953 6.82076358795166 -3.396118402481079
0.0 0.0 -0.0
wall.271 4.4466094970703125 6.82076358795166 3.8681411743164062
0.0 90.00000250447816 -0.0
wall.272 3.346609592437744 6.82076358795166 3.8681411743164062
0.0 90.00000250447816 -0.0
wall.273 2.246609687805176 6.82076358795166 3.8681411743164062
0.0 90.00000250447816 -0.0
wall.274 1.1466097831726074 6.82076358795166 3.8681411743164062
0.0 90.00000250447816 -0.0
wall.275 -1.0533902645111084 6.82076358795166 3.8681411743164062
0.0 90.00000250447816 -0.0
wall.276 -2.153390407562256 6.82076358795166 3.8681411743164062
0.0 90.00000250447816 -0.0
wall.277 -3.253390312194824 6.82076358795166 3.8681411743164062
0.0 90.00000250447816 -0.0
wall.278 -4.353390216827393 6.82076358795166 3.8681411743164062
0.0 90.00000250447816 -0.0
wall.279 -4.803394317626953 6.82076358795166 -5.596118450164795
0.0 0.0 -0.0
wall.280 -4.803394317626953 6.82076358795166 -4.496118545532227
0.0 0.0 -0.0
wall.281 -4.803394317626953 6.82076358795166 -3.396118402481079
0.0 0.0 -0.0
wall.282 -4.803394317626953 6.82076358795166 -1.196118712425232
0.0 0.0 -0.0
wall.283 -4.803394317626953 6.82076358795166 -0.09611859917640686
0.0 0.0 -0.0
wall.284 -4.803394317626953 6.82076358795166 -1.196118712425232
0.0 0.0 -0.0
wall.285 -4.803394317626953 6.82076358795166 -2.2961184978485107
0.0 0.0 -0.0
wall.286 -4.803394317626953 6.82076358795166 1.0181399583816528
0.0 0.0 -0.0
wall.287 -4.803394317626953 6.82076358795166 2.1181399822235107
0.0 0.0 -0.0

Wall_joints
attach.001 -4.803394317626953 2.629335880279541 2.668140172958374
0.0 0.0 -0.0
attach.002 -4.803394317626953 2.629335880279541 1.5681400299072266
0.0 0.0 -0.0
attach.003 -4.803394317626953 2.629335880279541 0.46813997626304626
0.0 0.0 -0.0
attach.004 -4.803394317626953 2.629335880279541 -0.6461186408996582
0.0 0.0 -0.0
attach.005 -4.803394317626953 2.629335880279541 -1.7461185455322266
0.0 0.0 -0.0
attach.006 -4.803394317626953 2.629335880279541 -2.846118450164795
0.0 0.0 -0.0
attach.007 -4.803394317626953 2.629335880279541 -3.9461183547973633
0.0 0.0 -0.0
attach.008 -4.803394317626953 2.629335880279541 -5.046118259429932
0.0 0.0 -0.0
attach.009 -4.803394317626953 2.629335880279541 -2.846118450164795
0.0 0.0 -0.0
attach.010 -3.8033900260925293 2.629335880279541 3.8681411743164062
0.0 90.00000250447816 -0.0
attach.011 -2.703390121459961 2.629335880279541 3.8681411743164062
0.0 90.00000250447816 -0.0
attach.012 -1.6033899784088135 2.629335880279541 3.8681411743164062
0.0 90.00000250447816 -0.0
attach.013 1.7966099977493286 3.6224310398101807 -3.6318600177764893
0.0 90.00000250447816 -0.0
attach.014 3.996609926223755 3.622431993484497 0.5681399703025818
0.0 90.00000250447816 -0.0
attach.015 1.6966100931167603 2.629335880279541 3.8681399822235107
0.0 90.00000250447816 -0.0
attach.016 2.796609878540039 2.629335880279541 3.8681411743164062
0.0 90.00000250447816 -0.0
attach.017 3.8966097831726074 2.629335880279541 3.8681411743164062
0.0 90.00000250447816 -0.0
attach.018 3.8966097831726074 2.629335880279541 -6.245859146118164
0.0 90.00000250447816 -0.0
attach.019 4.896605968475342 2.629335880279541 -2.846118450164795
0.0 0.0 -0.0
attach.020 4.896605968475342 2.629335880279541 -5.046118259429932
0.0 0.0 -0.0
attach.021 4.896605968475342 2.629335880279541 -3.9461183547973633
0.0 0.0 -0.0
attach.022 4.896605968475342 2.629335880279541 3.768141031265259
0.0 0.0 -0.0
attach.023 4.896605968475342 2.629335880279541 -0.6461186408996582
0.0 0.0 -0.0
attach.024 4.896605968475342 2.629335880279541 -1.7461185455322266
0.0 0.0 -0.0
attach.025 4.896605968475342 2.629335880279541 0.46813997626304626
0.0 0.0 -0.0
attach.026 4.896605968475342 2.629335880279541 1.5681400299072266
0.0 0.0 -0.0
attach.027 4.896605968475342 2.629335880279541 2.668140172958374
0.0 0.0 -0.0
attach.028 2.796609878540039 2.629335880279541 -6.245859146118164
0.0 90.00000250447816 -0.0
attach.029 1.6966100931167603 2.629335880279541 -6.245859146118164
0.0 90.00000250447816 -0.0
attach.030 0.5966100096702576 2.629335880279541 -6.245859146118164
0.0 90.00000250447816 -0.0
attach.031 -0.5033899545669556 2.629335880279541 -6.245859146118164
0.0 90.00000250447816 -0.0
attach.032 -1.6033899784088135 2.629335880279541 -6.245859146118164
0.0 90.00000250447816 -0.0
attach.033 -2.703390121459961 2.629335880279541 -6.245859146118164
0.0 90.00000250447816 -0.0
attach.034 -3.8033900260925293 2.629335880279541 -6.245859146118164
0.0 90.00000250447816 -0.0
attach.035 -4.803394317626953 2.629335880279541 3.768141031265259
0.0 0.0 -0.0
attach.036 -4.803394317626953 2.629335880279541 -6.146117687225342
0.0 0.0 -0.0
attach.037 1.6966099739074707 2.629335880279541 2.8681399822235107
0.0 0.0 -0.0
attach.038 1.6966099739074707 2.629335880279541 -1.531860113143921
0.0 0.0 -0.0
attach.039 1.6966099739074707 2.629335880279541 -2.6318600177764893
0.0 0.0 -0.0
attach.040 1.6966099739074707 2.629335880279541 -0.4318600594997406
0.0 0.0 -0.0
attach.041 1.7966099977493286 2.6293349266052246 0.5615146160125732
0.0 90.00000250447816 -0.0
attach.042 2.8966100215911865 2.629335880279541 0.5681399703025818
0.0 90.00000250447816 -0.0
attach.043 3.996609926223755 2.629335880279541 0.5681399703025818
0.0 90.00000250447816 -0.0
attach.044 2.8966100215911865 3.622431993484497 0.5681399703025818
0.0 90.00000250447816 -0.0
attach.045 1.7966099977493286 3.6224310398101807 0.5615146160125732
0.0 90.00000250447816 -0.0
attach.046 1.7966099977493286 2.6293349266052246 -3.6318600177764893
0.0 90.00000250447816 -0.0
attach.047 1.6966099739074707 3.622431993484497 -2.6318600177764893
0.0 0.0 -0.0
attach.048 1.6966099739074707 3.622431993484497 -1.531860113143921
0.0 0.0 -0.0
attach.049 1.6966099739074707 3.622431993484497 -0.4318600594997406
0.0 0.0 -0.0
attach.050 1.6966099739074707 3.622431993484497 2.8681399822235107
0.0 0.0 -0.0
attach.051 4.896605968475342 3.622431993484497 -6.146117687225342
0.0 0.0 -0.0
attach.052 -4.803394317626953 3.622431993484497 -6.146117687225342
0.0 0.0 -0.0
attach.053 -3.8033900260925293 3.622431993484497 -6.245859146118164
0.0 90.00000250447816 -0.0
attach.054 -2.703390121459961 3.622431993484497 -6.245859146118164
0.0 90.00000250447816 -0.0
attach.055 -1.6033899784088135 3.622431993484497 -6.245859146118164
0.0 90.00000250447816 -0.0
attach.056 -0.5033899545669556 3.622431993484497 -6.245859146118164
0.0 90.00000250447816 -0.0
attach.057 0.5966100096702576 3.622431993484497 -6.245859146118164
0.0 90.00000250447816 -0.0
attach.058 1.6966100931167603 3.622431993484497 -6.245859146118164
0.0 90.00000250447816 -0.0
attach.059 2.796609878540039 3.622431993484497 -6.245859146118164
0.0 90.00000250447816 -0.0
attach.060 3.8966097831726074 3.622431993484497 -6.245859146118164
0.0 90.00000250447816 -0.0
attach.061 4.896605968475342 3.622431993484497 2.668140172958374
0.0 0.0 -0.0
attach.062 4.896605968475342 3.622431993484497 1.5681400299072266
0.0 0.0 -0.0
attach.063 4.896605968475342 3.622431993484497 0.46813997626304626
0.0 0.0 -0.0
attach.064 4.896605968475342 3.622431993484497 -1.7461185455322266
0.0 0.0 -0.0
attach.065 4.896605968475342 3.622431993484497 -0.6461186408996582
0.0 0.0 -0.0
attach.066 4.896605968475342 3.622431993484497 3.768141031265259
0.0 0.0 -0.0
attach.067 4.896605968475342 3.622431993484497 -3.9461183547973633
0.0 0.0 -0.0
attach.068 4.896605968475342 3.622431993484497 -5.046118259429932
0.0 0.0 -0.0
attach.069 4.896605968475342 3.622431993484497 -2.846118450164795
0.0 0.0 -0.0
attach.070 -4.803394317626953 3.622431993484497 -2.846118450164795
0.0 0.0 -0.0
attach.071 3.8966097831726074 3.622431993484497 3.8681411743164062
0.0 90.00000250447816 -0.0
attach.072 2.796609878540039 3.622431993484497 3.8681411743164062
0.0 90.00000250447816 -0.0
attach.073 1.6966100931167603 3.622431993484497 3.8681399822235107
0.0 90.00000250447816 -0.0
attach.074 -1.6033899784088135 3.622431993484497 3.8681411743164062
0.0 90.00000250447816 -0.0
attach.075 -2.703390121459961 3.622431993484497 3.8681411743164062
0.0 90.00000250447816 -0.0
attach.076 -3.8033900260925293 3.622431993484497 3.8681411743164062
0.0 90.00000250447816 -0.0
attach.077 -4.803394317626953 3.622431993484497 -5.046118259429932
0.0 0.0 -0.0
attach.078 -4.803394317626953 3.622431993484497 -3.9461183547973633
0.0 0.0 -0.0
attach.079 -4.803394317626953 3.622431993484497 3.768141031265259
0.0 0.0 -0.0
attach.080 -4.803394317626953 3.622431993484497 -0.6461186408996582
0.0 0.0 -0.0
attach.081 -4.803394317626953 3.622431993484497 -1.7461185455322266
0.0 0.0 -0.0
attach.082 -4.803394317626953 3.622431993484497 -2.846118450164795
0.0 0.0 -0.0
attach.083 -4.803394317626953 3.622431993484497 0.46813997626304626
0.0 0.0 -0.0
attach.084 -4.803394317626953 3.622431993484497 1.5681400299072266
0.0 0.0 -0.0
attach.085 -4.803394317626953 3.622431993484497 2.668140172958374
0.0 0.0 -0.0
attach.086 -4.803394317626953 5.6006083488464355 2.668140172958374
0.0 0.0 -0.0
attach.087 -4.803394317626953 5.6006083488464355 1.5681400299072266
0.0 0.0 -0.0
attach.088 -4.803394317626953 5.6006083488464355 0.46813997626304626
0.0 0.0 -0.0
attach.089 -4.803394317626953 5.6006083488464355 -2.846118450164795
0.0 0.0 -0.0
attach.090 -4.803394317626953 5.6006083488464355 -1.7461185455322266
0.0 0.0 -0.0
attach.091 -4.803394317626953 5.6006083488464355 -0.6461186408996582
0.0 0.0 -0.0
attach.092 -4.803394317626953 5.6006083488464355 3.768141031265259
0.0 0.0 -0.0
attach.093 -4.803394317626953 5.6006083488464355 -3.9461183547973633
0.0 0.0 -0.0
attach.094 -4.803394317626953 5.6006083488464355 -5.046118259429932
0.0 0.0 -0.0
attach.095 -3.8033900260925293 5.6006083488464355 3.8681411743164062
0.0 90.00000250447816 -0.0
attach.096 -2.703390121459961 5.6006083488464355 3.8681411743164062
0.0 90.00000250447816 -0.0
attach.097 -1.6033899784088135 5.6006083488464355 3.8681411743164062
0.0 90.00000250447816 -0.0
attach.098 1.6966100931167603 5.6006083488464355 3.8681399822235107
0.0 90.00000250447816 -0.0
attach.099 2.796609878540039 5.6006083488464355 3.8681411743164062
0.0 90.00000250447816 -0.0
attach.100 3.8966097831726074 5.6006083488464355 3.8681411743164062
0.0 90.00000250447816 -0.0
attach.101 -4.803394317626953 5.6006083488464355 -2.846118450164795
0.0 0.0 -0.0
attach.102 4.896605968475342 5.6006083488464355 -2.846118450164795
0.0 0.0 -0.0
attach.103 4.896605968475342 5.6006083488464355 -5.046118259429932
0.0 0.0 -0.0
attach.104 4.896605968475342 5.6006083488464355 -3.9461183547973633
0.0 0.0 -0.0
attach.105 4.896605968475342 5.6006083488464355 3.768141031265259
0.0 0.0 -0.0
attach.106 4.896605968475342 5.6006083488464355 -0.6461186408996582
0.0 0.0 -0.0
attach.107 4.896605968475342 5.6006083488464355 -1.7461185455322266
0.0 0.0 -0.0
attach.108 4.896605968475342 5.6006083488464355 0.46813997626304626
0.0 0.0 -0.0
attach.109 4.896605968475342 5.6006083488464355 1.5681400299072266
0.0 0.0 -0.0
attach.110 4.896605968475342 5.6006083488464355 2.668140172958374
0.0 0.0 -0.0
attach.111 3.8966097831726074 5.6006083488464355 -6.245859146118164
0.0 90.00000250447816 -0.0
attach.112 2.796609878540039 5.6006083488464355 -6.245859146118164
0.0 90.00000250447816 -0.0
attach.113 1.6966100931167603 5.6006083488464355 -6.245859146118164
0.0 90.00000250447816 -0.0
attach.114 0.5966100096702576 5.6006083488464355 -6.245859146118164
0.0 90.00000250447816 -0.0
attach.115 -0.5033899545669556 5.6006083488464355 -6.245859146118164
0.0 90.00000250447816 -0.0
attach.116 -1.6033899784088135 5.6006083488464355 -6.245859146118164
0.0 90.00000250447816 -0.0
attach.117 -2.703390121459961 5.6006083488464355 -6.245859146118164
0.0 90.00000250447816 -0.0
attach.118 -3.8033900260925293 5.6006083488464355 -6.245859146118164
0.0 90.00000250447816 -0.0
attach.119 -4.803394317626953 5.6006083488464355 -6.146117687225342
0.0 0.0 -0.0
attach.120 4.896605968475342 5.6006083488464355 -6.146117687225342
0.0 0.0 -0.0
attach.121 1.6966099739074707 5.6006083488464355 2.8681399822235107
0.0 0.0 -0.0
attach.122 1.6966099739074707 5.6006083488464355 -0.4318600594997406
0.0 0.0 -0.0
attach.123 1.6966099739074707 5.6006083488464355 -1.531860113143921
0.0 0.0 -0.0
attach.124 1.6966099739074707 5.6006083488464355 -2.6318600177764893
0.0 0.0 -0.0
attach.125 1.7966099977493286 5.600607395172119 0.5615146160125732
0.0 90.00000250447816 -0.0
attach.126 2.8966100215911865 5.6006083488464355 0.5681399703025818
0.0 90.00000250447816 -0.0
attach.127 3.996609926223755 5.6006083488464355 0.5681399703025818
0.0 90.00000250447816 -0.0
attach.128 1.7966099977493286 5.600607395172119 -3.6318600177764893
0.0 90.00000250447816 -0.0
attach.129 1.7966099977493286 4.607511520385742 -3.6318600177764893
0.0 90.00000250447816 -0.0
attach.130 3.996609926223755 4.607512474060059 0.5681399703025818
0.0 90.00000250447816 -0.0
attach.131 2.8966100215911865 4.607512474060059 0.5681399703025818
0.0 90.00000250447816 -0.0
attach.132 1.7966099977493286 4.607511520385742 0.5615146160125732
0.0 90.00000250447816 -0.0
attach.133 1.6966099739074707 4.607512474060059 -2.6318600177764893
0.0 0.0 -0.0
attach.134 1.6966099739074707 4.607512474060059 -1.531860113143921
0.0 0.0 -0.0
attach.135 1.6966099739074707 4.607512474060059 -0.4318600594997406
0.0 0.0 -0.0
attach.136 1.6966099739074707 4.607512474060059 2.8681399822235107
0.0 0.0 -0.0
attach.137 4.896605968475342 4.607512474060059 -6.146117687225342
0.0 0.0 -0.0
attach.138 -4.803394317626953 4.607512474060059 -6.146117687225342
0.0 0.0 -0.0
attach.139 -3.8033900260925293 4.607512474060059 -6.245859146118164
0.0 90.00000250447816 -0.0
attach.140 -2.703390121459961 4.607512474060059 -6.245859146118164
0.0 90.00000250447816 -0.0
attach.141 -1.6033899784088135 4.607512474060059 -6.245859146118164
0.0 90.00000250447816 -0.0
attach.142 -0.5033899545669556 4.607512474060059 -6.245859146118164
0.0 90.00000250447816 -0.0
attach.143 0.5966100096702576 4.607512474060059 -6.245859146118164
0.0 90.00000250447816 -0.0
attach.144 1.6966100931167603 4.607512474060059 -6.245859146118164
0.0 90.00000250447816 -0.0
attach.145 2.796609878540039 4.607512474060059 -6.245859146118164
0.0 90.00000250447816 -0.0
attach.146 3.8966097831726074 4.607512474060059 -6.245859146118164
0.0 90.00000250447816 -0.0
attach.147 4.896605968475342 4.607512474060059 2.668140172958374
0.0 0.0 -0.0
attach.148 4.896605968475342 4.607512474060059 1.5681400299072266
0.0 0.0 -0.0
attach.149 4.896605968475342 4.607512474060059 0.46813997626304626
0.0 0.0 -0.0
attach.150 4.896605968475342 4.607512474060059 -1.7461185455322266
0.0 0.0 -0.0
attach.151 4.896605968475342 4.607512474060059 -0.6461186408996582
0.0 0.0 -0.0
attach.152 4.896605968475342 4.607512474060059 3.768141031265259
0.0 0.0 -0.0
attach.153 4.896605968475342 4.607512474060059 -3.9461183547973633
0.0 0.0 -0.0
attach.154 4.896605968475342 4.607512474060059 -5.046118259429932
0.0 0.0 -0.0
attach.155 4.896605968475342 4.607512474060059 -2.846118450164795
0.0 0.0 -0.0
attach.156 -4.803394317626953 4.607512474060059 -2.846118450164795
0.0 0.0 -0.0
attach.157 3.8966097831726074 4.607512474060059 3.8681411743164062
0.0 90.00000250447816 -0.0
attach.158 2.796609878540039 4.607512474060059 3.8681411743164062
0.0 90.00000250447816 -0.0
attach.159 1.6966100931167603 4.607512474060059 3.8681399822235107
0.0 90.00000250447816 -0.0
attach.160 -1.6033899784088135 4.607512474060059 3.8681411743164062
0.0 90.00000250447816 -0.0
attach.161 -2.703390121459961 4.607512474060059 3.8681411743164062
0.0 90.00000250447816 -0.0
attach.162 -3.8033900260925293 4.607512474060059 3.8681411743164062
0.0 90.00000250447816 -0.0
attach.163 -4.803394317626953 4.607512474060059 -5.046118259429932
0.0 0.0 -0.0
attach.164 -4.803394317626953 4.607512474060059 -3.9461183547973633
0.0 0.0 -0.0
attach.165 -4.803394317626953 4.607512474060059 3.768141031265259
0.0 0.0 -0.0
attach.166 -4.803394317626953 4.607512474060059 -0.6461186408996582
0.0 0.0 -0.0
attach.167 -4.803394317626953 4.607512474060059 -1.7461185455322266
0.0 0.0 -0.0
attach.168 -4.803394317626953 4.607512474060059 -2.846118450164795
0.0 0.0 -0.0
attach.169 -4.803394317626953 4.607512474060059 0.46813997626304626
0.0 0.0 -0.0
attach.170 -4.803394317626953 4.607512474060059 1.5681400299072266
0.0 0.0 -0.0
attach.171 -4.803394317626953 4.607512474060059 2.668140172958374
0.0 0.0 -0.0
attach.172 -4.803394317626953 8.79893970489502 2.668140172958374
0.0 0.0 -0.0
attach.173 -4.803394317626953 8.79893970489502 1.5681400299072266
0.0 0.0 -0.0
attach.174 -4.803394317626953 8.79893970489502 0.46813997626304626
0.0 0.0 -0.0
attach.175 -4.803394317626953 8.79893970489502 -2.846118450164795
0.0 0.0 -0.0
attach.176 -4.803394317626953 8.79893970489502 -1.7461185455322266
0.0 0.0 -0.0
attach.177 -4.803394317626953 8.79893970489502 -0.6461186408996582
0.0 0.0 -0.0
attach.178 -4.803394317626953 8.79893970489502 3.768141031265259
0.0 0.0 -0.0
attach.179 -4.803394317626953 8.79893970489502 -3.9461183547973633
0.0 0.0 -0.0
attach.180 -4.803394317626953 8.79893970489502 -5.046118259429932
0.0 0.0 -0.0
attach.181 -3.8033900260925293 8.79893970489502 3.8681411743164062
0.0 90.00000250447816 -0.0
attach.182 -2.703390121459961 8.79893970489502 3.8681411743164062
0.0 90.00000250447816 -0.0
attach.183 -1.6033899784088135 8.79893970489502 3.8681411743164062
0.0 90.00000250447816 -0.0
attach.184 1.6966100931167603 8.79893970489502 3.8681399822235107
0.0 90.00000250447816 -0.0
attach.185 2.796609878540039 8.79893970489502 3.8681411743164062
0.0 90.00000250447816 -0.0
attach.186 3.8966097831726074 8.79893970489502 3.8681411743164062
0.0 90.00000250447816 -0.0
attach.187 -4.803394317626953 8.79893970489502 -2.846118450164795
0.0 0.0 -0.0
attach.188 4.896605968475342 8.79893970489502 -2.846118450164795
0.0 0.0 -0.0
attach.189 4.896605968475342 8.79893970489502 -5.046118259429932
0.0 0.0 -0.0
attach.190 4.896605968475342 8.79893970489502 -3.9461183547973633
0.0 0.0 -0.0
attach.191 4.896605968475342 8.79893970489502 3.768141031265259
0.0 0.0 -0.0
attach.192 4.896605968475342 8.79893970489502 -0.6461186408996582
0.0 0.0 -0.0
attach.193 4.896605968475342 8.79893970489502 -1.7461185455322266
0.0 0.0 -0.0
attach.194 4.896605968475342 8.79893970489502 0.46813997626304626
0.0 0.0 -0.0
attach.195 4.896605968475342 8.79893970489502 1.5681400299072266
0.0 0.0 -0.0
attach.196 4.896605968475342 8.79893970489502 2.668140172958374
0.0 0.0 -0.0
attach.197 3.8966097831726074 8.79893970489502 -6.245859146118164
0.0 90.00000250447816 -0.0
attach.198 2.796609878540039 8.79893970489502 -6.245859146118164
0.0 90.00000250447816 -0.0
attach.199 1.6966100931167603 8.79893970489502 -6.245859146118164
0.0 90.00000250447816 -0.0
attach.200 0.5966100096702576 8.79893970489502 -6.245859146118164
0.0 90.00000250447816 -0.0
attach.201 -0.5033899545669556 8.79893970489502 -6.245859146118164
0.0 90.00000250447816 -0.0
attach.202 -1.6033899784088135 8.79893970489502 -6.245859146118164
0.0 90.00000250447816 -0.0
attach.203 -2.703390121459961 8.79893970489502 -6.245859146118164
0.0 90.00000250447816 -0.0
attach.204 -3.8033900260925293 8.79893970489502 -6.245859146118164
0.0 90.00000250447816 -0.0
attach.205 -4.803394317626953 8.79893970489502 -6.146117687225342
0.0 0.0 -0.0
attach.206 4.896605968475342 8.79893970489502 -6.146117687225342
0.0 0.0 -0.0
attach.207 1.6966099739074707 8.79893970489502 2.8681399822235107
0.0 0.0 -0.0
attach.208 1.6966099739074707 8.79893970489502 -0.4318600594997406
0.0 0.0 -0.0
attach.209 1.6966099739074707 8.79893970489502 -1.531860113143921
0.0 0.0 -0.0
attach.210 1.6966099739074707 8.79893970489502 -2.6318600177764893
0.0 0.0 -0.0
attach.211 1.7966099977493286 8.79893970489502 0.5615146160125732
0.0 90.00000250447816 -0.0
attach.212 2.8966100215911865 8.79893970489502 0.5681399703025818
0.0 90.00000250447816 -0.0
attach.213 3.996609926223755 8.79893970489502 0.5681399703025818
0.0 90.00000250447816 -0.0
attach.214 1.7966099977493286 8.79893970489502 -3.6318600177764893
0.0 90.00000250447816 -0.0
attach.215 1.7966099977493286 9.792035102844238 -3.6318600177764893
0.0 90.00000250447816 -0.0
attach.216 3.996609926223755 9.792035102844238 0.5681399703025818
0.0 90.00000250447816 -0.0
attach.217 2.8966100215911865 9.792035102844238 0.5681399703025818
0.0 90.00000250447816 -0.0
attach.218 1.7966099977493286 9.792035102844238 0.5615146160125732
0.0 90.00000250447816 -0.0
attach.219 1.6966099739074707 9.792035102844238 -2.6318600177764893
0.0 0.0 -0.0
attach.220 1.6966099739074707 9.792035102844238 -1.531860113143921
0.0 0.0 -0.0
attach.221 1.6966099739074707 9.792035102844238 -0.4318600594997406
0.0 0.0 -0.0
attach.222 1.6966099739074707 9.792035102844238 2.8681399822235107
0.0 0.0 -0.0
attach.223 4.896605968475342 9.792035102844238 -6.146117687225342
0.0 0.0 -0.0
attach.224 -4.803394317626953 9.792035102844238 -6.146117687225342
0.0 0.0 -0.0
attach.225 -3.8033900260925293 9.792035102844238 -6.245859146118164
0.0 90.00000250447816 -0.0
attach.226 -2.703390121459961 9.792035102844238 -6.245859146118164
0.0 90.00000250447816 -0.0
attach.227 -1.6033899784088135 9.792035102844238 -6.245859146118164
0.0 90.00000250447816 -0.0
attach.228 -0.5033899545669556 9.792035102844238 -6.245859146118164
0.0 90.00000250447816 -0.0
attach.229 0.5966100096702576 9.792035102844238 -6.245859146118164
0.0 90.00000250447816 -0.0
attach.230 1.6966100931167603 9.792035102844238 -6.245859146118164
0.0 90.00000250447816 -0.0
attach.231 2.796609878540039 9.792035102844238 -6.245859146118164
0.0 90.00000250447816 -0.0
attach.232 3.8966097831726074 9.792035102844238 -6.245859146118164
0.0 90.00000250447816 -0.0
attach.233 4.896605968475342 9.792035102844238 2.668140172958374
0.0 0.0 -0.0
attach.234 4.896605968475342 9.792035102844238 1.5681400299072266
0.0 0.0 -0.0
attach.235 4.896605968475342 9.792035102844238 0.46813997626304626
0.0 0.0 -0.0
attach.236 4.896605968475342 9.792035102844238 -1.7461185455322266
0.0 0.0 -0.0
attach.237 4.896605968475342 9.792035102844238 -0.6461186408996582
0.0 0.0 -0.0
attach.238 4.896605968475342 9.792035102844238 3.768141031265259
0.0 0.0 -0.0
attach.239 4.896605968475342 9.792035102844238 -3.9461183547973633
0.0 0.0 -0.0
attach.240 4.896605968475342 9.792035102844238 -5.046118259429932
0.0 0.0 -0.0
attach.241 4.896605968475342 9.792035102844238 -2.846118450164795
0.0 0.0 -0.0
attach.242 -4.803394317626953 9.792035102844238 -2.846118450164795
0.0 0.0 -0.0
attach.243 3.8966097831726074 9.792035102844238 3.8681411743164062
0.0 90.00000250447816 -0.0
attach.244 2.796609878540039 9.792035102844238 3.8681411743164062
0.0 90.00000250447816 -0.0
attach.245 1.6966100931167603 9.792035102844238 3.8681399822235107
0.0 90.00000250447816 -0.0
attach.246 -1.6033899784088135 9.792035102844238 3.8681411743164062
0.0 90.00000250447816 -0.0
attach.247 -2.703390121459961 9.792035102844238 3.8681411743164062
0.0 90.00000250447816 -0.0
attach.248 -3.8033900260925293 9.792035102844238 3.8681411743164062
0.0 90.00000250447816 -0.0
attach.249 -4.803394317626953 9.792035102844238 -5.046118259429932
0.0 0.0 -0.0
attach.250 -4.803394317626953 9.792035102844238 -3.9461183547973633
0.0 0.0 -0.0
attach.251 -4.803394317626953 9.792035102844238 3.768141031265259
0.0 0.0 -0.0
attach.252 -4.803394317626953 9.792035102844238 -0.6461186408996582
0.0 0.0 -0.0
attach.253 -4.803394317626953 9.792035102844238 -1.7461185455322266
0.0 0.0 -0.0
attach.254 -4.803394317626953 9.792035102844238 -2.846118450164795
0.0 0.0 -0.0
attach.255 -4.803394317626953 9.792035102844238 0.46813997626304626
0.0 0.0 -0.0
attach.256 -4.803394317626953 9.792035102844238 1.5681400299072266
0.0 0.0 -0.0
attach.257 -4.803394317626953 9.792035102844238 2.668140172958374
0.0 0.0 -0.0
attach.258 -4.803394317626953 7.813859462738037 2.668140172958374
0.0 0.0 -0.0
attach.259 -4.803394317626953 7.813859462738037 1.5681400299072266
0.0 0.0 -0.0
attach.260 -4.803394317626953 7.813859462738037 0.46813997626304626
0.0 0.0 -0.0
attach.261 -4.803394317626953 7.813859462738037 -2.846118450164795
0.0 0.0 -0.0
attach.262 -4.803394317626953 7.813859462738037 -1.7461185455322266
0.0 0.0 -0.0
attach.263 -4.803394317626953 7.813859462738037 -0.6461186408996582
0.0 0.0 -0.0
attach.264 -4.803394317626953 7.813859462738037 3.768141031265259
0.0 0.0 -0.0
attach.265 -4.803394317626953 7.813859462738037 -3.9461183547973633
0.0 0.0 -0.0
attach.266 -4.803394317626953 7.813859462738037 -5.046118259429932
0.0 0.0 -0.0
attach.267 -3.8033900260925293 7.813859462738037 3.8681411743164062
0.0 90.00000250447816 -0.0
attach.268 -2.703390121459961 7.813859462738037 3.8681411743164062
0.0 90.00000250447816 -0.0
attach.269 -1.6033899784088135 7.813859462738037 3.8681411743164062
0.0 90.00000250447816 -0.0
attach.270 1.6966100931167603 7.813859462738037 3.8681399822235107
0.0 90.00000250447816 -0.0
attach.271 2.796609878540039 7.813859462738037 3.8681411743164062
0.0 90.00000250447816 -0.0
attach.272 3.8966097831726074 7.813859462738037 3.8681411743164062
0.0 90.00000250447816 -0.0
attach.273 -4.803394317626953 7.813859462738037 -2.846118450164795
0.0 0.0 -0.0
attach.274 4.896605968475342 7.813859462738037 -2.846118450164795
0.0 0.0 -0.0
attach.275 4.896605968475342 7.813859462738037 -5.046118259429932
0.0 0.0 -0.0
attach.276 4.896605968475342 7.813859462738037 -3.9461183547973633
0.0 0.0 -0.0
attach.277 4.896605968475342 7.813859462738037 3.768141031265259
0.0 0.0 -0.0
attach.278 4.896605968475342 7.813859462738037 -0.6461186408996582
0.0 0.0 -0.0
attach.279 4.896605968475342 7.813859462738037 -1.7461185455322266
0.0 0.0 -0.0
attach.280 4.896605968475342 7.813859462738037 0.46813997626304626
0.0 0.0 -0.0
attach.281 4.896605968475342 7.813859462738037 1.5681400299072266
0.0 0.0 -0.0
attach.282 4.896605968475342 7.813859462738037 2.668140172958374
0.0 0.0 -0.0
attach.283 3.8966097831726074 7.813859462738037 -6.245859146118164
0.0 90.00000250447816 -0.0
attach.284 2.796609878540039 7.813859462738037 -6.245859146118164
0.0 90.00000250447816 -0.0
attach.285 1.6966100931167603 7.813859462738037 -6.245859146118164
0.0 90.00000250447816 -0.0
attach.286 0.5966100096702576 7.813859462738037 -6.245859146118164
0.0 90.00000250447816 -0.0
attach.287 -0.5033899545669556 7.813859462738037 -6.245859146118164
0.0 90.00000250447816 -0.0
attach.288 -1.6033899784088135 7.813859462738037 -6.245859146118164
0.0 90.00000250447816 -0.0
attach.289 -2.703390121459961 7.813859462738037 -6.245859146118164
0.0 90.00000250447816 -0.0
attach.290 -3.8033900260925293 7.813859462738037 -6.245859146118164
0.0 90.00000250447816 -0.0
attach.291 -4.803394317626953 7.813859462738037 -6.146117687225342
0.0 0.0 -0.0
attach.292 4.896605968475342 7.813859462738037 -6.146117687225342
0.0 0.0 -0.0
attach.293 1.6966099739074707 7.813859462738037 2.8681399822235107
0.0 0.0 -0.0
attach.294 1.6966099739074707 7.813859462738037 -0.4318600594997406
0.0 0.0 -0.0
attach.295 1.6966099739074707 7.813859462738037 -1.531860113143921
0.0 0.0 -0.0
attach.296 1.6966099739074707 7.813859462738037 -2.6318600177764893
0.0 0.0 -0.0
attach.297 1.7966099977493286 7.813859462738037 0.5615146160125732
0.0 90.00000250447816 -0.0
attach.298 2.8966100215911865 7.813859462738037 0.5681399703025818
0.0 90.00000250447816 -0.0
attach.299 3.996609926223755 7.813859462738037 0.5681399703025818
0.0 90.00000250447816 -0.0
attach.300 1.7966099977493286 7.813859462738037 -3.6318600177764893
0.0 90.00000250447816 -0.0
attach.301 1.7966099977493286 6.820762634277344 -3.6318600177764893
0.0 90.00000250447816 -0.0
attach.302 3.996609926223755 6.82076358795166 0.5681399703025818
0.0 90.00000250447816 -0.0
attach.303 2.8966100215911865 6.82076358795166 0.5681399703025818
0.0 90.00000250447816 -0.0
attach.304 1.7966099977493286 6.820762634277344 0.5615146160125732
0.0 90.00000250447816 -0.0
attach.305 1.6966099739074707 6.82076358795166 -2.6318600177764893
0.0 0.0 -0.0
attach.306 1.6966099739074707 6.82076358795166 -1.531860113143921
0.0 0.0 -0.0
attach.307 1.6966099739074707 6.82076358795166 -0.4318600594997406
0.0 0.0 -0.0
attach.308 1.6966099739074707 6.82076358795166 2.8681399822235107
0.0 0.0 -0.0
attach.309 4.896605968475342 6.82076358795166 -6.146117687225342
0.0 0.0 -0.0
attach.310 -4.803394317626953 6.82076358795166 -6.146117687225342
0.0 0.0 -0.0
attach.311 -3.8033900260925293 6.82076358795166 -6.245859146118164
0.0 90.00000250447816 -0.0
attach.312 -2.703390121459961 6.82076358795166 -6.245859146118164
0.0 90.00000250447816 -0.0
attach.313 -1.6033899784088135 6.82076358795166 -6.245859146118164
0.0 90.00000250447816 -0.0
attach.314 -0.5033899545669556 6.82076358795166 -6.245859146118164
0.0 90.00000250447816 -0.0
attach.315 0.5966100096702576 6.82076358795166 -6.245859146118164
0.0 90.00000250447816 -0.0
attach.316 1.6966100931167603 6.82076358795166 -6.245859146118164
0.0 90.00000250447816 -0.0
attach.317 2.796609878540039 6.82076358795166 -6.245859146118164
0.0 90.00000250447816 -0.0
attach.318 3.8966097831726074 6.82076358795166 -6.245859146118164
0.0 90.00000250447816 -0.0
attach.319 4.896605968475342 6.82076358795166 2.668140172958374
0.0 0.0 -0.0
attach.320 4.896605968475342 6.82076358795166 1.5681400299072266
0.0 0.0 -0.0
attach.321 4.896605968475342 6.82076358795166 0.46813997626304626
0.0 0.0 -0.0
attach.322 4.896605968475342 6.82076358795166 -1.7461185455322266
0.0 0.0 -0.0
attach.323 4.896605968475342 6.82076358795166 -0.6461186408996582
0.0 0.0 -0.0
attach.324 4.896605968475342 6.82076358795166 3.768141031265259
0.0 0.0 -0.0
attach.325 4.896605968475342 6.82076358795166 -3.9461183547973633
0.0 0.0 -0.0
attach.326 4.896605968475342 6.82076358795166 -5.046118259429932
0.0 0.0 -0.0
attach.327 4.896605968475342 6.82076358795166 -2.846118450164795
0.0 0.0 -0.0
attach.328 -4.803394317626953 6.82076358795166 -2.846118450164795
0.0 0.0 -0.0
attach.329 3.8966097831726074 6.82076358795166 3.8681411743164062
0.0 90.00000250447816 -0.0
attach.330 2.796609878540039 6.82076358795166 3.8681411743164062
0.0 90.00000250447816 -0.0
attach.331 1.6966100931167603 6.82076358795166 3.8681399822235107
0.0 90.00000250447816 -0.0
attach.332 -1.6033899784088135 6.82076358795166 3.8681411743164062
0.0 90.00000250447816 -0.0
attach.333 -2.703390121459961 6.82076358795166 3.8681411743164062
0.0 90.00000250447816 -0.0
attach.334 -3.8033900260925293 6.82076358795166 3.8681411743164062
0.0 90.00000250447816 -0.0
attach.335 -4.803394317626953 6.82076358795166 -5.046118259429932
0.0 0.0 -0.0
attach.336 -4.803394317626953 6.82076358795166 -3.9461183547973633
0.0 0.0 -0.0
attach.337 -4.803394317626953 6.82076358795166 3.768141031265259
0.0 0.0 -0.0
attach.338 -4.803394317626953 6.82076358795166 -0.6461186408996582
0.0 0.0 -0.0
attach.339 -4.803394317626953 6.82076358795166 -1.7461185455322266
0.0 0.0 -0.0
attach.340 -4.803394317626953 6.82076358795166 -2.846118450164795
0.0 0.0 -0.0
attach.341 -4.803394317626953 6.82076358795166 0.46813997626304626
0.0 0.0 -0.0
attach.342 -4.803394317626953 6.82076358795166 1.5681400299072266
0.0 0.0 -0.0
attach.343 -4.803394317626953 6.82076358795166 2.668140172958374
0.0 0.0 -0.0
attach 4.896605968475342 2.629335880279541 -6.146117687225342
0.0 0.0 -0.0
